48909 191120 -1172.86206789267 
63817 171640 -1208.57269405938 
61275 186063 -1177.83071922208 
63878 190517 -1179.8170468224 
90739 176760 -1141.27731773536 
78556 174144 -1111.28846313944 
93586 171262 -1117.63278016632 
97868 122341 -1072.29282106791 
105230 118823 -1066.01260681349 
105283 118831 -1066.43722414432 
105356 118834 -1063.92291125797 
105439 118842 -1064.63731755302 
97933 122355 -1072.62726054189 
105883 126381 -1102.54712417677 
105855 126325 -1100.50298787624 
105814 126248 -1101.59706109127 
105788 126172 -1101.74277603637 
98001 122367 -1071.20285106151 
107072 119102 -1096.41286634296 
107064 119171 -1096.96694826439 
107062 119244 -1096.52299458687 
98079 122378 -1070.58723269116 
106533 122653 -1074.22727001063 
106536 122714 -1071.96304805464 
106544 122781 -1071.81736563115 
106554 122854 -1070.97290723297 
107509 125421 -1104.22278003915 
107419 125432 -1106.04704261433 
107343 125443 -1105.93286092252 
99698 126669 -1100.73730068673 
99635 126617 -1100.73276803622 
99575 126572 -1101.13711852395 
99518 126527 -1100.29298000118 
106089 36963 -1134.69741262601 
107607 120910 -1100.03299950003 
107539 120911 -1099.62700275588 
102694 127035 -1104.87279741293 
102768 126918 -1104.92731662638 
106256 127364 -1113.96277998706 
106229 127298 -1114.04726703462 
106204 127234 -1113.00293242628 
106075 137827 -1137.98798863357 
103135 166432 -1168.09725616197 
101809 143752 -1145.20905317346 
104902 122272 -1065.89730807214 
104918 122356 -1066.28260590973 
107676 138415 -1143.51845326522 
104930 122428 -1066.69728801195 
103417 140494 -1137.29790866999 
105880 135728 -1129.66768386462 
101029 137357 -1127.52263499302 
102446 172146 -1149.38040955674 
81835 173471 -1113.3271075745 
109578 41091 -1142.28864568554 
100153 140318 -1138.13749848607 
100414 120595 -1026.37739457449 
108209.359375 136453.659999847 -1137.65880821481 
100367 120653 -1027.11278349741 
106915.509765625 133147.939941406 -1123.22836431088 
100318 120704 -1028.88748241356 
100269 120761 -1029.29299971106 
97367.189453125 144946.049804688 -1144.43707788228 
99631 177136 -1149.65737071656 
110648 43870 -1145.93723428439 
104319 120439 -1062.29733369231 
104376 120438 -1062.77279500344 
104461 120438 -1062.59723670578 
104252 120440 -1059.86277267316 
97071 184550 -1149.90096308112 
85247 173592 -1100.75291773383 
99848 122652 -1056.62734108724 
99918 122664 -1057.99260740309 
99994 122671 -1059.88731865294 
100065 122686 -1058.3130137368 
96127 187359 -1156.88280284613 
87705 173225 -1105.87726752684 
103610 124906 -1083.95724781616 
103624 124977 -1085.30299184057 
103627 125050 -1086.76713095946 
103633 125106 -1087.60257101335 
111520 178001 -1172.60090365183 
102123 123513 -1066.90264826239 
89577 172960 -1106.36279033572 
101900 123359 -1069.93282037472 
101956 123397 -1070.19725119548 
102012 123436 -1069.41314408046 
102072 123475 -1070.75710806749 
107803 188185 -1137.30786622267 
105475 124358 -1081.53281740628 
105258 124367 -1084.1274686481 
105325 124364 -1082.58272366412 
105390 124361 -1083.89715391937 
93915 172238 -1114.81869036535 
100703 125287 -1081.77290856791 
100761 125257 -1079.71725516784 
100823 125218 -1077.10276471655 
107486 65584 -1067.10287695992 
113439 173607 -1195.22708909639 
132305 221247 -1185.18285798484 
82355 185958 -1183.01749635494 
111246 63477 -1106.70728034479 
111286 63419 -1104.81304451048 
71658 156212 -1187.07238976626 
79413 166031 -1111.22724798998 
79483 166003 -1113.31305314948 
79548 165976 -1112.52725409106 
79613 165950 -1110.8829456926 
111342 63368 -1106.18726944132 
86834 165378 -1122.19726442957 
86898 165408 -1121.72292316703 
91539 166869 -1123.64715425418 
91463 166875 -1123.30299527177 
91582 166862 -1123.24276901795 
89828 171140 -1102.34279020163 
89770 171103 -1104.37745084981 
89715 171068 -1102.74281613015 
91227 169605 -1109.41285844051 
91208 169536 -1109.79718025585 
91191 169469 -1108.85278599173 
89475 168868 -1108.16286183693 
89463 168799 -1109.28729963844 
89451 168729 -1110.09287788065 
107491 65655 -1067.9976946685 
115083 192717 -1174.6127271603 
85693 169646 -1103.60726554251 
85733 169584 -1102.10258319731 
85778 169516 -1102.07718261579 
106590 59669 -1108.60747989579 
82857 168357 -1100.20277225908 
82796 168454 -1104.58727824434 
89491 173909 -1113.907171858 
89439 173875 -1112.45274060128 
89384 173839 -1114.50726852879 
82784 171781 -1098.6575092207 
85898 173941 -1108.06722381599 
85913 173872 -1104.80298900138 
85922 173810 -1105.66699830283 
79861 169738 -1101.11290793594 
79926 169756 -1103.77724996892 
79993 169772 -1105.14277041462 
84968 170697 -1095.20726075887 
85009 170641 -1095.62293617946 
85049 170589 -1097.33726524739 
91257 172310 -1106.74277084953 
91216 172372 -1108.7069561011 
91171 172435 -1107.67265805349 
91304 172253 -1104.29752297338 
107493 65719 -1067.04730072833 
114511 71508 -1115.66714126505 
90948 175324 -1133.94719151097 
90993 175268 -1132.9928005572 
107419 60919 -1106.16277867187 
87621 175106 -1127.30277327089 
87590 175046 -1126.97710556182 
87558 174981 -1125.4627498429 
107363 60871 -1107.13713335352 
83614 174884 -1113.86294680065 
83630 174815 -1113.64733571467 
107258 60782 -1104.51279452901 
80759 168509 -1101.53987816063 
80804 168567 -1100.04717332878 
80850 168619 -1097.94271963975 
84024 173533 -1097.73294485739 
84045 173462 -1097.85725241787 
84062 173397 -1096.1526650457 
85919 172339 -1105.12712327627 
85942 172271 -1104.70271100447 
85961 172206 -1104.00711116571 
85984 172142 -1103.09271992525 
87100 168631 -1110.17719896299 
87126 168705 -1109.10279635285 
87147 168760 -1107.85712548706 
87168 168824 -1105.88271351429 
88656 172596 -1103.50295091831 
88651 172386 -1102.09724683741 
88653 172456 -1103.09277737515 
88654 172527 -1103.58707340449 
107501 65792 -1065.30275198521 
111535 199850 -1185.2127144232 
89655 167114 -1120.22292415694 
89717 167137 -1121.31706590798 
102635 62810 -1086.04727898626 
102672 62862 -1086.4626917045 
84221 168785 -1109.95710241034 
84272 168833 -1111.08243911787 
84318 168883 -1109.67734285236 
84179 168737 -1106.5428219231 
102715 62913 -1086.41730730616 
85828 167469 -1120.84711940006 
85891 167491 -1121.61296613029 
85956 167517 -1123.6171126438 
102755 62967 -1084.25263351824 
83763 167125 -1106.40262969388 
83686 167120 -1108.79718923044 
83607 167119 -1108.60290000739 
85286 165435 -1116.49277086071 
85350 165462 -1118.79732293873 
85315 176216 -1130.58722111422 
85359 176161 -1129.35276264875 
81505 165749 -1118.79282511073 
81567 165718 -1119.46727682561 
81443 165779 -1118.99729385742 
78982 168071 -1108.92267160572 
79052 168079 -1111.10724274833 
107502 65857 -1066.75730762518 
80908 170982 -1106.13282040577 
80996 170892 -1103.69717610991 
81077 170807 -1097.98291329123 
84342 171905 -1101.46747748522 
84344 172050 -1103.03732156455 
84345 172114 -1102.00275318604 
84348 172190 -1102.87704292882 
84342 171978 -1100.87276155769 
78251 170900 -1107.25261392284 
80414 172809 -1110.46728328679 
81984 173862 -1108.67753189944 
76421 175636 -1134.68285647122 
74845 173135 -1139.02786990949 
74527 170630 -1139.53172732651 
76444 168424 -1120.91807473226 
74943 166726 -1139.10724834406 
107507 65921 -1065.10279625356 
66384 164660 -1164.84237241914 
78140 165664 -1118.8029121751 
77637 163862 -1122.06270667639 
80626 164411 -1123.8972788049 
79530 162671 -1136.27152459634 
84151 164139 -1122.17844871363 
82647 162290 -1129.18287829976 
86437 163924 -1126.11746916901 
85211 161969 -1140.81236503534 
88860 162071 -1133.36165765122 
89986 164380 -1128.32235426908 
81942 170484 -1099.26703634735 
92890 163946 -1138.77808070597 
92574 162856 -1138.34233809326 
110895 59956 -1114.93193748558 
78801 171282 -1108.60725105049 
105202 60760 -1096.78280429848 
78587 168129 -1105.58001165816 
93446 166577 -1127.70741084727 
93510 166607 -1127.12258936041 
92856 170240 -1113.69275103084 
92874 170306 -1114.72743927461 
92893 170375 -1113.62297592917 
92193 171600 -1102.53280143196 
92249 171560 -1106.19727327765 
92313 171517 -1103.82293288247 
92369 171475 -1106.90731100831 
92425 171438 -1105.52277107179 
92842 173517 -1118.50711521379 
92880 173461 -1116.61278985453 
94625 173870 -1122.94271143158 
93387 168178 -1121.62731045674 
93457 168165 -1121.08274101081 
93457 168165 -1121.08274101081 
93526 168153 -1122.12725635056 
93526 168153 -1122.12725635056 
93526 168153 -1122.12725635056 
94323 172432 -1121.65290597948 
94295 172378 -1122.2070587873 
94252 172311 -1121.70265743458 
94347 170784 -1117.71279217616 
94418 170777 -1116.67712615257 
94488 170770 -1114.94266575324 
95491 168962 -1123.41169592104 
105201 60689 -1098.55276212749 
80968 167216 -1113.81300676703 
94808 167217 -1131.82709072769 
94874 167249 -1130.3327583036 
94924 165592 -1137.93705796406 
94938 165649 -1136.14294610368 
106784 58416 -1108.11748884155 
96642 173513 -1122.46288538399 
96706 173509 -1122.4970974319 
96776 173503 -1122.41298270122 
96563 175345 -1136.81708696345 
96581 175265 -1135.29284004675 
107886 57277 -1108.11256448851 
108457 58656 -1122.06708485724 
95754 171850 -1120.81727657008 
95818 171846 -1121.20276959701 
95888 171842 -1122.3073441846 
96368 169985 -1119.9521563166 
96520 169856 -1120.74697574868 
96968 167986 -1126.77283950158 
96954 168057 -1129.03715957774 
96585 165765 -1143.59291650777 
96556 165832 -1144.51712582616 
97837 176782 -1142.65732129934 
97856 176714 -1140.81285158671 
91656 176018 -1133.65728074117 
91691 176080 -1133.09243445899 
105198 60621 -1097.29753908544 
97546 173276 -1125.53718728186 
97504 173220 -1125.55300205078 
97458 173163 -1125.74724431411 
98241 171012 -1122.18743648154 
98226 171083 -1121.00297851273 
98214 171156 -1121.46724484717 
98456 168930 -1127.06287342117 
98442 169001 -1128.70709247449 
98820 167309 -1135.18281250542 
98788 167423 -1139.13713461064 
100119 169193 -1141.88282274249 
100187 169210 -1142.19706150659 
91300 173993 -1117.92285411879 
91356 174022 -1120.19706534269 
91409 174055 -1121.42275061107 
92400 175472 -1138.99719776725 
92386 175409 -1138.05288549509 
92376 175346 -1137.4772196094 
92360 175273 -1135.97259971722 
105194 60551 -1096.38280757785 
95049 163920 -1136.64280226863 
94981 163945 -1138.46724895522 
105191 60480 -1098.0371620079 
105186 60416 -1097.11261687602 
106144 53398 -1087.29285123824 
106141 53329 -1089.98765036815 
108127 41966 -1119.86281747207 
107986 41966 -1112.9827810483 
109043 53205 -1102.40280435355 
107629 53177 -1093.7574730417 
89873 166253 -1121.50186316383 
106148 52925 -1089.20746242346 
106144 52786 -1087.75280673594 
106904 51928 -1089.03879326834 
107029 51965 -1089.2977093976 
107802 52449 -1087.6370808805 
84370 197086 -1218.23745324528 
107760 52418 -1087.08291178267 
108684 52385 -1099.30310202249 
109964 51041 -1108.15266698619 
109894 51044 -1108.88728884227 
109824 51047 -1108.82268141643 
108641 51097 -1094.37710264404 
108574 51083 -1088.01284877705 
108034 51162 -1086.81267378779 
107963 51166 -1085.60725861685 
107898 51173 -1084.46291136865 
106907 51220 -1084.32278149722 
106972 51209 -1083.91738931526 
107041 51200 -1083.58291509325 
106231 50922 -1087.14284060054 
106223 50851 -1087.72710508581 
105715 50059 -1088.81730336038 
105648 50074 -1089.85277749908 
105578 50089 -1087.73710126384 
106709 50162 -1077.56254869439 
106642 50164 -1082.29735371198 
106779 50161 -1080.69717936315 
107829 50182 -1090.52724154708 
107761 50182 -1087.03288963466 
113582 50029 -1148.5104025184 
111484 50245 -1122.40081852194 
41246 159173 -1135.49915324928 
105860 62350 -1082.31745344215 
88746 224717 -1169.44723002723 
107689 50180 -1086.93721202546 
92692 190870 -1186.70743758853 
108659 50184 -1095.51737503982 
102261 193683 -1165.72274324255 
103542 187110 -1136.15279218445 
103556 187038 -1135.0572970941 
103565 186966 -1132.33277644333 
108591 50183 -1094.62294568144 
99892 178389 -1141.95290530783 
100049 178524 -1141.76734699582 
108525 50180 -1095.22720617322 
105939 187223 -1126.2471274188 
105950 187157 -1121.77285338293 
105962 187090 -1123.19722658153 
109987 50120 -1100.8529195763 
97621 179626 -1143.42281779489 
97693 179631 -1143.4071178167 
97763 179636 -1142.36259065965 
109913 50120 -1103.12710040637 
109697 49062 -1108.49706314209 
98162 178300 -1142.23278541002 
98229 178318 -1143.00732711126 
98292 178335 -1140.63296284464 
108572 49284 -1099.2273729413 
108631 49274 -1093.11296974394 
101682 183559 -1130.16284930111 
101753 183557 -1128.3871383299 
101817 183559 -1126.76276556104 
105936 62345 -1084.55283861383 
97648 228765 -1119.96727001018 
100868 181723 -1135.51698034745 
100883 181645 -1133.97256818686 
100903 181529 -1134.40732339042 
107650 49135 -1089.61282362255 
100660 179997 -1137.8825986095 
100714 180045 -1138.23708384003 
100765 180091 -1138.29284298235 
107631 49206 -1089.77738859245 
101781 179006 -1133.80285609208 
101733 178956 -1135.93719363218 
101681 178907 -1136.41277824499 
107615 49261 -1089.74295671972 
101377 176634 -1139.15299172045 
101336 176693 -1139.81724363991 
106624 48854 -1086.34271298159 
102289 175596 -1142.66731314556 
102240 175650 -1140.92298866745 
106596 48938 -1088.82755875043 
101732 185189 -1145.68727227589 
101802 185187 -1144.97287232399 
106575 49000 -1086.0827271599 
103297 185414 -1130.12729827619 
103296 185342 -1127.01280754098 
103507 183422 -1133.40278348416 
103501 183350 -1131.85712342558 
103495 183279 -1129.40293324322 
103095 178490 -1134.09713861401 
103094 178564 -1132.72276319471 
103096 178631 -1134.21723898386 
102618 179719 -1133.8171817712 
102670 179766 -1133.28279349072 
102725 179813 -1132.87729175109 
106000 62344 -1087.09739659379 
96122 219673 -1185.58759500891 
104431 49250 -1090.7070604189 
103187 176540 -1145.44289971575 
103185 176607 -1145.39714686559 
106041 185106 -1125.61724596717 
105969 185115 -1126.4528393784 
105899 185127 -1127.17729170482 
105760 183004 -1118.74289670634 
105746 182884 -1121.88727618362 
103591 48130 -1094.1029396115 
104134 182216 -1122.36272503857 
104062 182182 -1122.3973615046 
103954 182133 -1121.84266857156 
103595 48206 -1098.09696138977 
104976 180078 -1131.46722371979 
104935 180018 -1131.75295798765 
104897 179962 -1132.7573736896 
103587 48060 -1096.91732490174 
104322 178770 -1136.34706413028 
104255 178762 -1135.99283593025 
105651 46470 -1090.5227955271 
105988 48051 -1090.90737113051 
104821 185967 -1125.90261435108 
104795 185903 -1127.20718937729 
104769 185841 -1126.31285755167 
106043 48097 -1091.08280276244 
105501 178815 -1140.31244782382 
106085 48158 -1092.95714288187 
106068 62342 -1083.39260067161 
110607 233377 -1160.76727681318 
119428 69780 -1183.3425718628 
106853 48282 -1094.84720473083 
104964 183939 -1119.4827707376 
104978 183872 -1120.19721962965 
104992 183806 -1120.06287351344 
106791 48318 -1092.74277748761 
99894 183546 -1139.40296099237 
99964 183544 -1139.42716205304 
106736 48354 -1093.67715529942 
97399 182121 -1140.17750185289 
108081 48317 -1084.53281685983 
99203 181629 -1135.01733134314 
108146 48358 -1087.34708941614 
108764 47965 -1088.69256281388 
102038 187213 -1138.9725614194 
108742 48036 -1089.38712815201 
106294 188610 -1136.18867326101 
109727 48238 -1099.11295943487 
120392 80206 -1175.45273717447 
106141 62339 -1085.93719540776 
94293 212492 -1193.2225916807 
105532 190484 -1146.65735355819 
107200 47124 -1096.7329350519 
107104 47223 -1094.60727777882 
106214 47434 -1093.16302264863 
106199 47505 -1093.20874751268 
106193 47573 -1090.06723538584 
105254 47051 -1088.61239867891 
106208 62337 -1085.89726708424 
105870 219998 -1170.11260288315 
85462 170330 -1097.76261564537 
105262 47119 -1090.4674130418 
107953 45307 -1093.217672238 
104786 46339 -1088.01731923247 
104816 46403 -1087.25282006257 
105633 46537 -1090.36727507087 
105618 46605 -1088.83267774912 
104343 222424 -1149.42934749076 
106613 46432 -1093.23307150655 
106603 46501 -1094.70741400643 
106589 46566 -1092.41298524747 
108952 46979 -1100.3328102263 
105268 47189 -1090.64241811277 
107667 45983 -1097.64282130049 
107666 46055 -1101.01726096541 
106415 235719 -1181.34839398229 
108935 46069 -1105.29715424923 
108551 44992 -1098.32693732784 
108660 44914 -1101.35710809549 
108603 44955 -1099.50284613877 
107818 45340 -1091.0929323504 
106633 45354 -1087.94273665775 
106570 45343 -1090.26725665181 
115502 238142 -1195.16299771567 
105315 45211 -1087.83106587937 
105340 45274 -1083.01713771011 
104411 45310 -1084.74290801773 
104434 45375 -1085.81709045966 
103706 45232 -1084.46730395501 
103764 45268 -1084.32240414659 
104386 45244 -1094.52736929839 
113420 225376 -1161.42283805768 
105969 43883 -1089.51714805717 
106045 43873 -1089.4928529887 
106106 43867 -1095.62733685415 
107028 44265 -1092.99280157238 
107012 44337 -1095.00732474184 
107000 44394 -1094.28297937787 
47877 176159 -1121.95274861447 
105991 64688 -1068.30299073644 
136362 234056 -1199.14132656121 
107252 43423 -1091.69703829267 
107233 43356 -1090.1527921081 
107274 43490 -1092.58253717783 
105980 42981 -1091.35289915392 
105990 64622 -1067.99709305747 
67490 174541 -1186.37726577854 
105971 43050 -1091.9572102994 
103555 43432 -1083.42285957961 
103601 43381 -1086.86711753171 
85840 167092 -1120.68280027752 
105987 64554 -1067.40299232445 
105351 41802 -1090.80285986708 
105319 41867 -1091.58702539563 
106306 41669 -1102.21291723704 
106367 41715 -1104.41713460156 
107340 41444 -1105.75279733376 
107366 41511 -1108.80730724 
108059 41965 -1116.8669680598 
108957 47119 -1098.94714091153 
105984 64488 -1067.99259328502 
80822 170235 -1110.38732585924 
108865 46074 -1101.48281259953 
105981 64423 -1068.49731371421 
104756 46274 -1086.85290388396 
105978 64351 -1067.76298022945 
88461 169919 -1099.75811353498 
109759 49056 -1106.16297030547 
109724 48168 -1099.2072839806 
70583 164832 -1161.48273619131 
107699 174516 -1172.00736881144 
102866 34729 -1164.09707677077 
102909 34706 -1159.37275108842 
105614 38735 -1116.36714738227 
105581 38797 -1115.65260361956 
105514 38917 -1115.8772682806 
100222 47488 -1143.82274625531 
100182 47480 -1144.98744306337 
102638 51220 -1110.69269701395 
110895 184322 -1146.10258429609 
84995 179544 -1160.1819157526 
102664 51249 -1111.41733670999 
102686 51276 -1110.72274061478 
111255 42808 -1165.34732486748 
111299 42813 -1166.11280827347 
111338 42817 -1167.05716736297 
111382 42831 -1169.01802790379 
83050 161893 -1131.89944719525 
114626 45279 -1188.80715893405 
114587 45278 -1186.77300700957 
114541 45278 -1187.00710913366 
107498 57071 -1108.33276842168 
107456 57066 -1108.6572926424 
107416 57061 -1105.34274113806 
99187 65900 -1138.30009564739 
101480 227391 -1112.07727414541 
99741 237190 -1205.14277115064 
94370 224988 -1131.91750144117 
94464 224963 -1127.11280200138 
94542 224941 -1128.69722897095 
97157 224254 -1119.60291957258 
97234 224230 -1121.36723159602 
94258 226649 -1131.19275993552 
94338 226618 -1132.32709701388 
101600 67432 -1077.81707239922 
96992 225513 -1115.71293643187 
97113 225461 -1116.26713101963 
100039 224998 -1124.43315413763 
100134 225069 -1124.22693927569 
102519 228921 -1126.59706961336 
102492 228849 -1124.09279785478 
102463 228773 -1122.30715838292 
94985 227897 -1128.9427631448 
94938 227788 -1128.84709488548 
99179 227164 -1103.77250857491 
99254 227143 -1105.26705922038 
99373 227105 -1105.18265953089 
101621 67506 -1078.08240876864 
97652 228681 -1118.15287285732 
97759 228624 -1115.76737203608 
100727 228069 -1118.54715228133 
100622 228133 -1116.5629158609 
101888 227141 -1112.49730965264 
101864 227065 -1111.15297449889 
101829 226950 -1114.44709541199 
104357 225527 -1124.89284109023 
104262 225457 -1128.28714572291 
95621 229913 -1140.90245773744 
96967 230688 -1142.7025449319 
101636 67574 -1080.79729530673 
90490 169634 -1106.46217526126 
105105 227473 -1131.10293521259 
105003 227412 -1130.47710031958 
99070 231156 -1142.55286381996 
99107 231223 -1144.27737897444 
99147 231298 -1143.01282108957 
101474 230878 -1149.19816116576 
103134 230594 -1136.74732286845 
104393 229323 -1123.43299680551 
104466 229298 -1123.88699601401 
106431 228519 -1136.58273636617 
106361 228478 -1137.06722394967 
106290 228433 -1134.73287914219 
101649 67641 -1078.10267761888 
101667 67711 -1079.29741203168 
107291 43562 -1093.44722052566 
127965 225838 -1170.2207443728 
101544 67582 -1082.10891675295 
105632 46383 -1089.17736569115 
103774 63681 -1084.45719373557 
53192 172798 -1135.42772764533 
51836 171369 -1120.44905422258 
52333 168601 -1128.27714527704 
53255 162589 -1148.0074642264 
51609 160543 -1145.90730725546 
49895 164241 -1113.76246179809 
49384 165315 -1098.13930805101 
48308 168459 -1102.28299465933 
50688 173548 -1116.07781254256 
103706 63692 -1084.07727862124 
51617 176011 -1113.15250938023 
105124 55883 -1101.45139220182 
50748.8203125 178999.62890625 -1138.72798721372 
49343 176173 -1127.51984654963 
48775 178715 -1131.43155313853 
47735 174310 -1124.10876836803 
47750 172480 -1108.54751420969 
47053 167435 -1108.5972459629 
48079 163247 -1115.25797543787 
48209 160205 -1130.73206874478 
47632 158260 -1139.89261609138 
103643 63703 -1083.45254374698 
45456 158987 -1129.50950403339 
104030 55068 -1110.43286111267 
44482 161581 -1119.00058237008 
104106 55067 -1110.8974928531 
45677 164928 -1104.21729178562 
45372 174958 -1129.96745229761 
46043 176393 -1128.69706426916 
46096 179190 -1139.047160307 
42829 177371 -1133.83293099954 
42267 177866 -1137.37713431883 
41482 174443 -1134.8327326343 
40711 171053 -1137.34272015934 
103574 63714 -1082.69711319052 
93344 169265 -1118.41748990143 
42857 172130 -1124.11274304659 
105326 54340 -1094.64711615854 
41538 168982 -1125.43889845265 
105262 54324 -1091.37277623558 
43210 166229 -1104.62295136754 
105192 54316 -1093.7072243367 
39722 166772 -1116.13914611394 
43967 163253 -1114.52841089086 
40918 164194 -1110.81849122173 
41432 161858 -1125.54279845449 
39630 162274 -1118.01277410737 
47397 169612 -1104.4206100443 
51063 167461 -1117.697231562 
103504 63726 -1080.20264666424 
112542 47429 -1154.698331666 
19421 166260 -1158.1313127611 
106729 55341 -1106.18702596611 
106729 55267 -1105.46293951261 
20498 169603 -1160.83272522824 
23901 167077 -1173.55302298827 
46282.619140625 181533.109375 -1117.07240249433 
103437 63734 -1081.6973535027 
107087 54195 -1097.53735915153 
107019 54201 -1097.08282200174 
106949 54203 -1097.79743182157 
103856 53433 -1105.91302384833 
103929 53433 -1106.83707702831 
106156 53537 -1085.70728164002 
106158 53621 -1086.46256283776 
106163 53709 -1087.76731685316 
106169 53780 -1087.36259614625 
108306 53534 -1098.97274616479 
108226 53524 -1099.27733453866 
108160 53516 -1099.11286764428 
106664 52086 -1088.89714349091 
106731 52115 -1088.5027908561 
106792 52146 -1088.65718043851 
97451 155164 -1152.54973431873 
107766 63460 -1086.68724958771 
108541 52234 -1097.16717754311 
108510 52169 -1095.38283249497 
107432 63473 -1085.19715677577 
104697 52459 -1090.27277650858 
104768 52466 -1090.57710428011 
107495 63471 -1085.63294849327 
106207 50676 -1083.93304720779 
106202 50598 -1084.04767825215 
107563 63467 -1087.07710638189 
104554 50558 -1090.70294200542 
104622 50556 -1090.36707759829 
107634 63465 -1085.7270813501 
107851 50995 -1086.80280739341 
107749 50982 -1086.052651287 
107674 50978 -1086.19721940091 
107702 63462 -1085.60259060857 
109714 50127 -1102.23278909654 
109646 50119 -1101.74711580201 
104690 49229 -1085.07253557191 
104764 49224 -1087.39699909765 
104839 49220 -1084.88282321727 
102962 34678 -1157.65699478557 
106525 49185 -1085.86113268879 
106508 49253 -1084.37743805338 
106497 49321 -1083.71860160668 
108699 49378 -1100.75764839892 
108713 49471 -1101.56300778618 
108720 49540 -1101.94721497119 
109477 63366 -1094.69694229716 
106968 47383 -1088.22291412566 
106924 47438 -1088.00209164632 
106881 47464 -1088.28748834517 
109400 63371 -1095.04269559197 
117177 162133 -1181.40264059957 
105283 47379 -1090.29296910747 
105294 47460 -1089.19727526487 
105295 47531 -1086.10258592009 
105302 47604 -1086.36018818952 
109334 63375 -1095.89733211357 
103615 48400 -1095.11853066713 
103635 48542 -1103.7383918283 
109261 63380 -1095.05299785839 
105227 42072 -1087.4928927713 
105198 42135 -1087.27722735775 
105167 42197 -1086.96269431516 
109192 63386 -1094.39727557944 
107672 46250 -1095.14933717826 
107676 46338 -1092.07241567263 
109124 63391 -1093.47252750036 
105666 45184 -1086.70727893835 
105600 45216 -1085.452694825 
105548 45244 -1087.58707686128 
105483 45274 -1085.44252938592 
103561 45165 -1086.79287826949 
103435 45099 -1086.15297334208 
103514 45148 -1087.59731894398 
104368 43228 -1082.37727096186 
104298 43223 -1081.09273271166 
104228 43216 -1081.02713304746 
105663 43919 -1090.70721607604 
105741 43914 -1089.49276490752 
102305 43171 -1098.49295279046 
102375 43169 -1101.86709717994 
105145 51233 -1086.7228688223 
103904 62095 -1089.19286841854 
103961 62140 -1089.75709565717 
104014 62183 -1087.80300011435 
110588.98046875 113960.0703125 -1135.94304334639 
110965.060546875 126489.759765625 -1132.00728417245 
110552 63189 -1102.39715982775 
106665 63127 -1084.5371659773 
111307 104890 -1116.90299329884 
93325 69343 -1256.6829845028 
93868 69410 -1251.55718930732 
130571.53125 223645.140625 -1187.52713734136 
130583.80859375 223606.8828125 -1182.62258728459 
106597 71205 -1031.66286095058 
108289 71485 -1045.5972492126 
108553 70724 -1040.55264230347 
130598.58984375 223575.4765625 -1182.20709135717 
95370 68417 -1227.90263114384 
131569.30078125 225593.671875 -1169.46016609525 
115542 69262 -1140.40169843162 
115365 70774 -1129.27042617839 
114213 70500 -1105.74281064497 
114608 71501 -1116.71284181902 
114479 73125 -1120.8802594227 
111125 70578 -1070.38761494507 
133946.87109375 226734 -1178.47727036821 
133973 226764.203125 -1179.18292888065 
133999.26953125 226794.703125 -1180.19713750867 
134038.1796875 226840.2734375 -1177.98257153345 
111699 74346 -1091.31303533601 
109752 69930 -1051.97128614497 
109018 72787 -1046.55713915823 
135940.37890625 226116.9765625 -1170.32706418052 
137899.23046875 225321.5703125 -1188.5273401523 
107363 76098 -1038.24240675043 
137957.1796875 225401.5703125 -1189.82289438996 
137981.73828125 225433.921875 -1190.83708972959 
106500 74679 -1047.75291169125 
106670 73586 -1040.32797433852 
107205 72341 -1041.48285422768 
135413.9296875 223305.140625 -1182.34871331043 
104185 72695 -1046.00271889817 
132887.48046875 223812.75 -1173.86278606317 
132858.7109375 223784.8125 -1172.77729024039 
132830.30078125 223756.828125 -1170.9227828201 
132757.7109375 223687.1796875 -1175.46703781846 
132702.03125 223634.8671875 -1173.87280775991 
132668.23828125 223605.0703125 -1180.25730411076 
52321 168671 -1120.77298234667 
116797 80388 -1136.57703044888 
116937 80376 -1136.0670530225 
117006 80370 -1134.87276377345 
116867 80381 -1133.89262655665 
127134.73046875 223469.8828125 -1182.15096319738 
120280 80254 -1176.76735863142 
120142 80231 -1178.15273151773 
120350 80266 -1176.90181654533 
113657 62311 -1117.80140245823 
120417 80277 -1178.49747118979 
51817 161091 -1135.25258616571 
90856 150627 -1178.97258512351 
106596 63129 -1083.55286783428 
42486 175924 -1130.99748383383 
108678 71182 -1042.13714609879 
56317.779296875 173620.8203125 -1154.2694679085 
112507 69214 -1080.93281738315 
112507 69291 -1082.35727448023 
112514 69355 -1080.15285812224 
108748 71188 -1042.30265766742 
110982 71285 -1065.90749916795 
110912 71281 -1065.01277800459 
110848 71273 -1065.117270391 
110769 71266 -1061.66283399859 
115498 76587 -1136.58291825918 
108820 71195 -1046.09724969567 
104433 74056 -1055.92315057134 
118424 78130 -1170.0827393678 
104368 74026 -1058.38746622531 
118564 78132 -1172.97246051789 
104305 73999 -1055.74279401634 
118494 78132 -1178.39731038694 
118354 78130 -1168.4474324592 
108885 71202 -1043.97273861227 
56760.5703125 176192.5703125 -1152.90714387553 
106565 73813 -1037.63275590073 
120338 77882 -1187.90298426226 
106428 73784 -1040.72816477708 
120408 77880 -1188.94703812323 
108954 71210 -1044.53741400612 
103405 72573 -1057.47755432384 
103447 72518 -1055.94726081876 
103490 72464 -1054.73281331873 
109025 71217 -1042.64295780168 
111958 72378 -1085.88708549847 
111964 72309 -1085.61283377009 
61808.619140625 164431.830078125 -1159.5828997728 
112156 68110 -1084.82294142643 
112200 68171 -1086.94690412288 
64732.7900390625 169606.87890625 -1204.99826712318 
108870 77418 -1040.37713643609 
108725 72915 -1042.75733325069 
108483 72664 -1039.32271311159 
52987.1796875 176574.16015625 -1135.56942282306 
108533 72716 -1038.3971627138 
48791.150390625 172362.23046875 -1113.08706524964 
108579 72763 -1038.26272318491 
108627 72814 -1041.82720264845 
108674 72864 -1043.06286212229 
108777 77667 -1037.45251125157 
108854 77677 -1036.22096680268 
108921 77688 -1034.29252435274 
52025 165109 -1135.97281046241 
109942 76230 -1056.50728036786 
109933 76163 -1054.74293121738 
109582 75408 -1047.05299928739 
109551 75199 -1050.38732892874 
109562 75269 -1050.82258836723 
109561 75335.44921875 -1050.73711553622 
108998 75609 -1046.02716030044 
109136 75578 -1044.46271019183 
108169 75319 -1039.7026122275 
108162 75241 -1041.86699608769 
108155 75173 -1042.422836046 
105577 74322 -1043.49256104476 
105514.6796875 74341.2109375 -1044.02715880672 
107815 74173 -1037.72736702212 
108538 74187 -1043.22284379194 
109805 73574 -1057.70243723927 
109629 72824 -1051.18258391394 
109562 72812 -1051.88711979754 
109489.69921875 72810.1796875 -1048.40242733356 
110054 86808 -1033.95286600336 
106837 71694 -1043.13726124818 
108752 73037 -1036.5026160762 
108818 73013 -1042.02281765255 
108887.140625 72983.3984375 -1037.95256281124 
108003.150390625 73654.87109375 -1046.26731416528 
108077 73657 -1043.67284755324 
106142 73332 -1037.02282840898 
106162 73256 -1039.60724978594 
106177.48046875 73215.25 -1040.53262456154 
106849 71622 -1041.56300680821 
83126 167679 -1108.81301270999 
106388 72371 -1033.24292418916 
106399 72306 -1035.57722506152 
106409 72237 -1036.36256396958 
108313 72011 -1044.27715254924 
108262 71962 -1043.7328023054 
108212 71912 -1045.90701860911 
108941 72035 -1045.76260220074 
106859 71557 -1044.66744137375 
109943 72146 -1056.79280930306 
109889 72146 -1060.81722641023 
109828 72136 -1063.78276088371 
110574 72118 -1061.00747107573 
109446 71051 -1048.462723849 
109513 71056 -1049.99715192306 
106872 71479 -1041.55261602205 
108440 71239 -1043.49732587328 
108370 71230 -1042.06287941451 
108299 71219 -1046.06722835616 
107413 71118 -1039.19707406426 
107363 71068 -1036.95255900134 
107314 71018 -1037.7069412088 
106085 71007 -1036.64730280917 
106097 70938 -1034.96261800904 
106109 70871 -1034.79720201342 
105181 71966 -1038.66280756182 
106885 71410 -1043.09713395871 
105204 71901 -1040.65716822891 
105784 70732 -1040.94288420659 
105718 70700 -1042.05737902681 
105655 70671 -1039.29304393145 
107561 70330 -1037.80735138013 
107587 70260 -1035.77308845462 
107612 70194 -1037.47712568156 
108604 70233 -1038.66735959746 
106896 71349 -1042.10293079205 
108538 70254 -1037.83272722956 
108473 70277 -1039.13748945634 
109626 70306 -1052.33292283293 
110420.900390625 70103.6328125 -1059.25709021013 
110366 70090 -1057.8829724981 
109486 69123 -1053.007020118 
109435 69075 -1051.84288343208 
108404 69215 -1043.27287711339 
108354 69266 -1045.36738945924 
107268 71997 -1045.46741618992 
107281 71928 -1039.8130009639 
107294 71857 -1039.42730363554 
105602 68950 -1041.41282260178 
105464 68933 -1042.01286051458 
106901 67507 -1046.11258265726 
106971.669921875 67499.671875 -1047.78727271723 
107719.779296875 68370.5390625 -1049.69703814689 
107802 68342 -1046.42299710863 
108712 67816 -1053.07793648843 
109873 68114 -1063.68705261663 
109830 68159 -1058.83288959107 
108404 70300 -1038.81286398478 
109697.55078125 67207.65625 -1065.24275754201 
110570 71870 -1061.85723392482 
51941 181516 -1158.60278339163 
106234 72900 -1033.86745818887 
106244 72828 -1034.35272537727 
106259 72758 -1037.69725174134 
106269 72691 -1037.76293498396 
106360 77605 -1049.87861808504 
108086 59862 -1107.66311875498 
102174 71859 -1085.1471458193 
102212 71847 -1082.46290186425 
104580 72210 -1042.42754237599 
101498 49472 -1134.20198911102 
107092 99094 -1027.96283247532 
104983 68780 -1048.31263216822 
104715 72249 -1039.31301945628 
105050 68796 -1047.82722899053 
109638 81212 -1051.1327554551 
109600 81218 -1051.3871783715 
109559 81225 -1049.38245210922 
108171 60031 -1108.22292293885 
105119 68807 -1047.31268478143 
108104 59899 -1108.11711447341 
105186 68818 -1046.51729124315 
105250 68829 -1044.4625235589 
105322 68845 -1043.99761530602 
103892 105220 -981.197323388017 
104527 71222 -1048.2373032162 
104585 71177 -1047.83277108866 
104639 71134 -1048.29739513691 
104686 71094 -1044.6830752993 
104740 71051 -1044.29752780665 
103642 105257 -986.797910770947 
108400 68779 -1049.26714293036 
108345 68813 -1047.53282923766 
108305 68880 -1049.09726954841 
108249 68923 -1048.60733497292 
108195 68969 -1046.60278143303 
108147 69020 -1048.49736366372 
117087 129403 -1168.05734420935 
98426 109951 -976.302495355518 
109688 67947 -1060.47274707846 
109643 67996 -1059.56742442928 
109596 68046 -1058.37725351589 
109546 68106 -1056.417520196 
109502 68155 -1056.70073873364 
109456 68205 -1057.89734109742 
97679 125549 -1095.80270157501 
119067 58074 -1182.44105334998 
98517 109942 -979.887276633903 
110487 69569 -1058.98293231793 
110417 69571 -1057.98743583296 
110351 69574 -1056.88260195425 
110282 69572 -1058.26737923648 
114398.48828125 71267.08984375 -1113.12280046033 
106917.58984375 83736.3203125 -1049.51288877416 
110585.869140625 113920.310546875 -1138.45695009976 
110968.419921875 126529.8203125 -1122.2127608258 
23209 171711 -1165.10276511888 
99468 115613 -988.877494436227 
21878 165557 -1173.25749398046 
23948 169923 -1169.65712433967 
53194 184796 -1179.70073658637 
99392 115643 -988.36280936836 
107063 69639 -1033.88110564104 
110175 74031 -1068.59279438553 
110204 74098 -1068.7772321443 
110229 74163 -1068.05299727751 
108259.44921875 74370.5390625 -1044.65258691008 
105863.08984375 75408.359375 -1048.12709085227 
105940 75382 -1047.86270523668 
105997.69921875 75358.3984375 -1049.35698947163 
106079 75352 -1048.1225902332 
108262.83984375 74429.5390625 -1043.36707819531 
104242.08984375 77888.69140625 -1056.48733976559 
104280 77845 -1054.98281878621 
104340 77813 -1055.98081042851 
104393 77781 -1055.86734772894 
108273.2890625 74492.140625 -1041.27293606101 
103792 75879 -1071.09726674773 
103864 75862 -1070.42281309439 
103935 75846 -1072.34723747831 
108280.390625 74547.8203125 -1042.54708816091 
79524 174559 -1116.39282233655 
105178 81807 -1070.23731027227 
105244 81808 -1069.01296729307 
105324 81808 -1068.73714450291 
112335 75382 -1100.57941746118 
113178 78894 -1110.14723673734 
113116 78857 -1109.57277962911 
113053 78823 -1110.5874560778 
103938 122567 -1060.84706325809 
108387.51953125 75734.921875 -1038.58241989026 
108391.44921875 75808.890625 -1039.72710424985 
108395.4609375 75873.48046875 -1036.78264058876 
81126 174494 -1107.8982645009 
108412 75960 -1037.58708886826 
81866 173520 -1112.46279227831 
108398.51953125 76027.98828125 -1038.44293856689 
108424 76099 -1035.39730286093 
115912 149334 -1194.70218873025 
51912 155362 -1178.77296754961 
103870 122579 -1058.66293920165 
107946.669921875 78254.640625 -1041.34266282121 
107960.26953125 78201.78125 -1041.5969379647 
83589 173465 -1096.98803859816 
107972.75 78151.83984375 -1039.98272884984 
107992 78061 -1038.69737469362 
107998.859375 77995.62890625 -1037.85291849658 
85276 173565 -1102.24729114655 
108020.19921875 77942.80078125 -1037.41808094511 
105243 51226 -1088.53729980264 
107537.1796875 80462.7109375 -1032.52735910672 
107538.140625 80394.69140625 -1035.33255938033 
107545.880859375 80307.21875 -1036.15733125127 
107542.01953125 80260.671875 -1034.73278578409 
87685 173302 -1097.30283785523 
107560 80189 -1034.59745454058 
107562.33984375 80109.25 -1034.88295335409 
105344 51217 -1089.59257299354 
98080 72783 -1172.34777617582 
105896 78605 -1040.88264265422 
105859.189453125 78657.37109375 -1042.677283754 
105846.970703125 78727.37890625 -1042.51278646362 
105811.509765625 78810.78125 -1042.35712903743 
108273 74287 -1049.19723865446 
57573 177577 -1161.49727471493 
88082 170890 -1102.29733283192 
106847.439453125 76318.73046875 -1039.85278008088 
106883.08984375 76372.9296875 -1040.82689893702 
106957.310546875 76497.2890625 -1038.83271036463 
107028 76602 -1038.09725962242 
88105 170823 -1102.62281733735 
110055 77334 -1052.00294435226 
109992.94921875 77313.94140625 -1052.8378163822 
109864.099609375 77251.66015625 -1057.2873261838 
109791.0703125 77200.328125 -1053.26295917209 
109713.66015625 77159.03125 -1054.92704561645 
97104 130837 -1122.79266719086 
92057 120965 -1149.6280377712 
95749 172375 -1125.26278164527 
108887.9296875 77378.4609375 -1036.93291085434 
111445.5390625 78085.0703125 -1079.13278407668 
111399.9296875 78073.53125 -1079.86706623813 
111345 78026 -1079.2027452432 
111257.98046875 77995.21875 -1079.13736763723 
95795 172375 -1128.64728200626 
110873 75761 -1078.40730206365 
110839 75700 -1076.91288128615 
110823.5 75637.33984375 -1076.80728013926 
116255 134168 -1165.82740864445 
101940 68405 -1073.29712136055 
46462 150818 -1177.99256260247 
101989 179791 -1138.13278883904 
121752 226802 -1186.09722661404 
137998 216713 -1217.527305268 
105224 37501 -1134.87726446654 
91562 136308 -1180.50294660857 
102022 179828 -1138.99729562566 
124436 216439 -1201.49748115509 
106585.25 86828.8984375 -1044.88278322253 
106596.169921875 86925.26171875 -1043.37747292027 
106581.849609375 86975.94140625 -1042.60280075678 
106579 87052.4609375 -1042.61733145982 
107402.66015625 82859.828125 -1047.98711907168 
117236 223420 -1175.67046163524 
114511.53125 86179.80859375 -1064.30739031341 
114431.328125 86165.80859375 -1063.5226260921 
114358.98046875 86153.71875 -1065.51708545551 
114275.98046875 86129.08984375 -1063.90296444872 
107458.310546875 82885.37890625 -1044.86261661541 
105189.560546875 83933.328125 -1066.42284836191 
105263 83935 -1064.91719816056 
105330.080078125 83919.23046875 -1063.33276059007 
107534.060546875 82872.05078125 -1043.91715321334 
130771 230121 -1183.70256347959 
104087 86573 -1078.02731562812 
104075 86644 -1072.82283939035 
104062 86711 -1077.76713710315 
107615.380859375 82884.66015625 -1043.74246782761 
106724 84619 -1044.67744435491 
106793 84630 -1046.21279069899 
106865 84640 -1045.54711798032 
106933 84644 -1043.56283023526 
107001 84650 -1044.45706271686 
112021.3515625 86594.21875 -1031.85739183936 
112082.87890625 86625.71875 -1029.18296020069 
112135 86636.05859375 -1032.14728728677 
112211.48046875 86635.62109375 -1033.44256474265 
104736 84752 -1078.70693281923 
104733 84681 -1078.68281289387 
104734 84613 -1079.68718184361 
122916 221258 -1185.79753391063 
114153 81357 -1099.20257523968 
100249 223865 -1136.86098248835 
112902 85188 -1050.8771665252 
112850 85135 -1050.53279008531 
89632 230558 -1171.20275187806 
100101 226071 -1111.28711876844 
135346 228364 -1178.94255232789 
109750.390625 80215.05859375 -1047.00923615993 
109765 80263 -1050.00275791055 
136686 220985 -1185.28298328807 
109788 80334 -1049.19702647007 
109805.369140625 80394.6796875 -1048.02265985582 
100153 226109 -1107.73294693717 
105263 81513 -1066.30301461691 
112683.62890625 81031.359375 -1072.24284184363 
112641.69921875 81065.5390625 -1073.29737607945 
112586.6484375 81112.62109375 -1068.64297361357 
112531.921875 81178.140625 -1070.80754382674 
133572 224753 -1168.90279352393 
129668 221486 -1192.51713889432 
115537 77700 -1143.20705776014 
102180 69463 -1078.73699818705 
110184 86845 -1033.9472844212 
113725.3515625 83729.640625 -1061.38282442592 
113666.80859375 83766.53125 -1060.60706512007 
119756 220107 -1194.90277250756 
113590.6484375 83806.03125 -1058.78298739694 
109049 148039 -1180.20274847368 
110334.48046875 82208.73828125 -1043.54728315182 
110379.380859375 82371.03125 -1044.70724420371 
88518 164196 -1122.65116864636 
110378.2109375 82420.5 -1042.19268094149 
110394.009765625 82493.2890625 -1042.14732055812 
105332.130859375 187557.1015625 -1130.45273322299 
94761 168727 -1122.50059606083 
123564 163822 -1201.09730720104 
96105 174507 -1126.86240819044 
87573 173845 -1108.89747645241 
102103 69250 -1075.42282821897 
111503.859375 84679.171875 -1039.30284700245 
111435.080078125 84705.48046875 -1037.42736450741 
79458 173763 -1116.4325129176 
111379 84744 -1033.30265700507 
111312.330078125 84785.1015625 -1036.52711714111 
111274.759765625 84794.08984375 -1037.2329231294 
97015 177956 -1134.80282076683 
97146 171308 -1114.49743910853 
115646 158988 -1193.10292224052 
105875 69093 -1041.22711337949 
77891 175418 -1129.43741770235 
109382.91015625 84787.9609375 -1037.51259581259 
99278 166436 -1144.72276347859 
109349.470703125 84847.44140625 -1037.91734879016 
90686 174990 -1127.00283396511 
109306.310546875 84913.26171875 -1038.84296062859 
109271.400390625 84940.91015625 -1040.53727927165 
81462 168934 -1094.39274990663 
83556 175888 -1121.20049267648 
78262 166813 -1111.26097661559 
92861 166349 -1125.80087604123 
105899 69157 -1039.38276441734 
111118.650390625 87721.05078125 -1038.48271555249 
80681 164155 -1124.42282771239 
111059.83984375 87747.98046875 -1039.10708443512 
111006.939453125 87726.26953125 -1036.30278751078 
74126 174718 -1138.30718628957 
110925.1796875 87761.3203125 -1036.35724025356 
92076 170378 -1111.77248053039 
94762 162337 -1141.3706176663 
75873 168687 -1129.85710603961 
78556 170564 -1118.92715620721 
68263 158602 -1164.80247705911 
93057 207919 -1194.80023429351 
108940.7109375 88294.62890625 -1034.50748339952 
108945.9296875 88216.69921875 -1033.84283492615 
108932.279296875 88161.19140625 -1035.41714908152 
108903.419921875 88092.48828125 -1033.54274954289 
99687 169631 -1142.79733903185 
92161 174915 -1131.19726733627 
70617 193114 -1187.10711642162 
70025 184274 -1185.56723969989 
105498 56984 -1101.26278933875 
97451 166977 -1145.23728334542 
95502 199353 -1175.49709874159 
75511 155445 -1171.40190730619 
118190 85330 -1121.99746837612 
117587 87316 -1119.93288105897 
104288.439453125 90894.19140625 -1061.15216195598 
104367.98046875 90884.23828125 -1060.09266583174 
104437.3203125 90882.2890625 -1059.01707628227 
104516.109375 90880.62890625 -1057.79287840209 
106065.33984375 90725.8984375 -1046.74281616909 
114050 91124 -1079.50278878795 
114059 91061 -1078.47732670874 
114073.73046875 90994.08984375 -1076.1128699141 
114079.48046875 90924.2890625 -1075.8174845226 
106140.759765625 90686.390625 -1045.80710232886 
114110.94140625 87742.73046875 -1057.30280884044 
114076.2109375 87805.87109375 -1057.71710874878 
114044.671875 87867.3203125 -1054.4328891261 
114020 87933 -1053.99731745855 
106184.669921875 90656.4609375 -1044.12272177231 
113331.19140625 93039.23046875 -1074.11725081057 
113301.7890625 92966.44921875 -1075.21271749061 
113279.23828125 92909.1484375 -1076.62713617681 
113267 92852 -1075.16265073635 
106281.9296875 90615.05078125 -1043.88750920054 
112458.94140625 94613.73046875 -1066.72729396074 
112391.01953125 94580.01171875 -1066.33269376768 
112342.46875 94537.71875 -1066.81703193135 
112297.87109375 94487.25 -1066.25276550759 
105248.75 88638.94921875 -1056.2471762002 
105317.41015625 88631.96875 -1057.07288242063 
105408.119140625 88615.609375 -1058.69708733878 
105457.130859375 88605.30078125 -1056.38296101488 
102218 91162 -1088.11722577527 
102185 91218 -1088.56274525841 
102145 91275 -1089.23746858135 
114175 94817 -1089.56305498041 
114188 94750 -1089.6971669975 
115062 92836 -1096.18287128291 
112547 71785 -1088.37259249697 
107010 88852 -1037.91710608397 
107031 88915 -1036.70294664414 
107045.19921875 88965.671875 -1036.35722660922 
107072.58984375 89028.08984375 -1035.66279138964 
108767 92026 -1039.78714791521 
108724 91972 -1035.09306454245 
109391 90396 -1040.28276575789 
111228.8203125 89882.71875 -1046.00782714515 
109371 90332 -1042.43755634057 
112498 90673 -1055.87714585999 
112438 90700 -1056.27730630853 
112042 88916 -1041.76714894859 
111981 88886 -1041.00281410689 
110276 89029 -1038.20275656862 
110209 89058 -1041.37711930146 
113077 89953 -1054.81720905901 
110912 87990 -1032.27281177246 
113966 88830 -1064.96296135338 
113931 88764 -1064.15710756997 
114178 86869 -1062.3472192163 
114159 86937 -1060.98274450174 
114139.359375 87005.58984375 -1062.97742086612 
110821 86809 -1028.51281414374 
112782 86762 -1038.25710880711 
112814.55859375 86706.08984375 -1037.82276604362 
112737 86821 -1034.2324787328 
110874 86786 -1030.07705265088 
107431 100305 -1023.07735780786 
115130 76387 -1130.85740817998 
105880 69255 -1038.36745295318 
110764 86265 -1035.82276083582 
110755 86334 -1037.76727049386 
112586 85695 -1041.03750848848 
112942 86157 -1039.6673867978 
114405 84980 -1066.28736460131 
111794.6796875 84508.421875 -1038.80285198297 
109656.44921875 90044.1796875 -1038.83286995161 
111808 84565 -1040.47710615536 
109579 84947 -1037.37701172537 
107931.560546875 84883.7109375 -1030.81314656992 
108002 84880 -1032.9369076967 
108866 84095 -1039.69274361116 
110522 83969 -1031.71276791602 
109577.189453125 90065.23046875 -1039.97728397345 
109233 83269 -1041.56288686659 
109163 83247 -1042.02719628964 
105733 96239 -1025.59717968253 
105799 96211 -1025.1429595814 
106909 96616 -1032.72275901135 
108450 97021 -1038.88697943909 
109518.5 90086.05859375 -1039.72295100364 
107368 98133 -1033.34743762243 
107400 98076 -1033.61294132574 
105353 97807 -1023.50721659698 
109440.0703125 90112.94921875 -1040.46736416652 
112511.62109375 85725.21875 -1041.65289047549 
108818 84057 -1040.36739959367 
112441 85742 -1043.00710554901 
108408.220703125 97082.1796875 -1031.54299339279 
106047.560546875 97390.05078125 -1028.81715290605 
109920 82464 -1031.94720983756 
101087 52926 -1147.73239979666 
112504.94140625 89147.30078125 -1047.79268697785 
112419.421875 89169.1484375 -1046.3572082764 
109498 83702 -1040.28740905825 
109566 83704 -1038.1626609591 
109634 83706 -1040.55742482023 
109707 83711 -1042.09161721331 
104484 87846 -1067.22708967327 
104525 87845 -1063.48279085385 
104565 87847 -1066.57741270031 
109056 86735 -1035.88711591551 
109116 86765 -1031.28297897369 
112378.8984375 89186.19140625 -1044.21267639867 
109180 86795 -1031.89711050708 
117674 87151 -1115.18277621951 
117604 87131 -1115.32705680655 
117534 87109 -1112.42276923395 
117744 87170 -1116.72707186832 
119587 86949 -1130.95280227945 
119599 87017 -1133.93789465686 
112287.62109375 89211.28125 -1044.28752894827 
119603 87079 -1137.29811743095 
108289 93143 -1044.35267270583 
108264 93112 -1043.90740044104 
108239 93080 -1041.08280449097 
114282 87047 -1059.32274406389 
114272.359375 87136.33984375 -1063.35714546051 
108334 94614 -1033.1187034269 
118588 85865 -1131.1072387341 
103855 79669 -1069.5326403004 
105397 92801 -1037.21279404422 
105421 92741 -1038.4971387635 
105447.220703125 92687.8515625 -1038.37276545836 
105464 92599 -1038.65729087742 
108186 53391 -1098.71746837794 
105789 69234 -1037.94284048544 
112747.69921875 91072.3984375 -1056.22733228276 
112710.03125 91018.91015625 -1057.22292199591 
112682 90948 -1058.87739171292 
112650.55859375 90886.48046875 -1057.52261791265 
119696 87211 -1144.05287245097 
109023.890625 90269.8203125 -1039.07274021147 
110496 92138 -1038.39728991582 
110489.1796875 92063.359375 -1036.32293138311 
110486.4296875 91992.6484375 -1037.10721032552 
102645.279296875 88561.12109375 -1091.61207128467 
110646 93883 -1047.49728698707 
110644 93815 -1045.30280438117 
110636 93743 -1047.1970866922 
110629 93672 -1047.30279162213 
117659.12890625 97529.05078125 -1157.13276331381 
107732.580078125 93145.75 -1033.42299501284 
107726.439453125 93100.23046875 -1033.89727642715 
107745 93006 -1033.10281388859 
107729.689453125 92949.6484375 -1032.51751555582 
111697 143106 -1181.57800428477 
120383.8984375 121773.219726563 -1190.26279772766 
80287 152347 -1180.20290826616 
110154 79429 -1051.89748115078 
88058 170959 -1097.59254811057 
103863 170276 -1166.09257037088 
104270 173210 -1162.55734895593 
111922.76953125 104514.029296875 -1125.8716725091 
87994 170935 -1102.05898364655 
103232 98176 -1024.67284139213 
103267.990234375 98234.55859375 -1025.25730494227 
103310 98296 -1023.95301635726 
103344 98360 -1024.63733688617 
106465.650390625 99784.73828125 -1023.43281402984 
110814 95638.51171875 -1050.14725369437 
110822.33984375 95704.37109375 -1048.04302091771 
110839 95779 -1047.48741736848 
110837.349609375 95835.91015625 -1047.792880079 
106481.900390625 99852.73046875 -1022.73707464725 
111289.55078125 97902.05078125 -1075.31081433105 
111229.4296875 97929.48828125 -1076.29278233366 
111160.830078125 97945.48828125 -1076.90728107656 
111100.94921875 97967.0390625 -1075.05301597297 
106516 99927 -1021.70283319008 
110248.189453125 101068.890625 -1073.90736793247 
110193.259765625 101046.078125 -1067.81299890208 
110126.599609375 100987.328125 -1065.04736424486 
110058 100933 -1064.60275427004 
106521.66015625 99977.19140625 -1023.97703563073 
109963.5 97340.37109375 -1044.4729030005 
109953.8203125 97273.5 -1045.73726381297 
109914.849609375 97210.83984375 -1045.80303559332 
109908.33984375 97128.51953125 -1047.24731696513 
105316 96052 -1024.82291628328 
105383 96029 -1026.48725699373 
105455.3203125 96003.80078125 -1025.96725920716 
105502.939453125 95973.25 -1024.6927487326 
105505 94602 -1023.10744574475 
105535 94669 -1021.24279111857 
105566 94729 -1022.22713941863 
105595 94788 -1021.52294696943 
105628 94854 -1023.07729213479 
106364.66015625 97289.53125 -1029.08286337041 
106306 97239 -1028.75709122998 
106255.859375 97195.6484375 -1028.68285130668 
106201 97150 -1027.04714956344 
106149 97106 -1025.60271517153 
101128 96443 -1048.13713069026 
101103 96375 -1048.58276205616 
102663 94487 -1058.43281320837 
102672 94555 -1057.88707554341 
102682 94625 -1057.04258256636 
113833 108049 -1174.31801404235 
90603 174952 -1130.19719519043 
93268 108241 -1090.05249263798 
103635.990234375 96879.19921875 -1024.52285389592 
103704.55078125 96910.91015625 -1026.34729770457 
103748.16015625 96969.05859375 -1027.06298929416 
103796.490234375 97003.7109375 -1027.31693453891 
107740 100200 -1023.69303949262 
106004 100315 -1021.3528628993 
104817 98735 -1016.65732949376 
104058 98734 -1013.0125529647 
105064 99416 -1014.65725517395 
104994 100822 -1013.76744068274 
106335 101246 -1012.36272192074 
107310 98224 -1029.58268852402 
102365 98325 -1025.54729146302 
102972 99010 -1015.4322603558 
102419 99667 -1013.27275038549 
101912 98963 -1014.21729016278 
98983 100108 -1037.73725795827 
98317 100326 -1044.82723915736 
97298 103356 -1028.63260825848 
97058 101913 -1045.29720615766 
97812 101980 -1034.17011201539 
98342 102011 -1028.12884885428 
99057 102065 -1023.11745834375 
96811 106147 -999.422431006789 
97798 103625 -1021.80260970632 
97141 103629 -1032.1970537281 
96758 103678 -1036.61727986005 
95834 103784 -1050.35765382113 
97836 102871 -1029.14283083 
98280 102907 -1022.87753120017 
99227 99584 -1030.01713760767 
82603 159603 -1149.79789723262 
107146.349609375 99129.19921875 -1029.28715861819 
96331 105593 -1024.97768617568 
105611 94289 -1034.12276707433 
105676 94301 -1034.80704600741 
105747 94325 -1034.54276204832 
100990 96942 -1041.02276877848 
115539 77650 -1140.8929570412 
90043 115891 -1171.49294995197 
103284 94714 -1050.25727198696 
101989 94637 -1062.34719079805 
103773 93368 -1056.27747701679 
107563.189453125 94789.58984375 -1028.85756637831 
107640 94820 -1029.6528671881 
107705 94836 -1031.80720342466 
107774.6796875 94854.51171875 -1029.15298450996 
106083 102907 -1011.94293252153 
105630 101405 -1015.94712700083 
110871 122713 -1127.32723606603 
107233.310546875 96633.8203125 -1025.41774741838 
107304 96668 -1024.53272570513 
107374 96694 -1027.77733682407 
107435 96716 -1028.82293214841 
98467 125187 -1090.27267256424 
118027 180551 -1192.80065800358 
109549.869140625 99222.0703125 -1047.46280280512 
109848 100288 -1056.25695177659 
109475.330078125 99242.87890625 -1046.20708054438 
109410.330078125 99270.73828125 -1044.71276016504 
109351.9296875 99290.94140625 -1046.09705176317 
111807 98430 -1089.92713153957 
110639 97792 -1061.39934526675 
111395 97385 -1068.11924388672 
104187 37541 -1131.51186599799 
106868 101747 -1020.50271970475 
106849.720703125 101671.3515625 -1020.09717837266 
97027 105280 -1011.48728885908 
106839.560546875 101619.359375 -1020.43270424021 
98265 104930 -1002.38733333043 
106810.259765625 101542.421875 -1023.22706188507 
116441 52919 -1177.40297446402 
48048 166572 -1100.25723889106 
100292 47502 -1142.73730467279 
104329 125551 -1099.67807564787 
97343 104358 -1022.92275007214 
96525 104393 -1028.69286390552 
105214.109375 98156.078125 -1015.67272648815 
105242.48046875 98220.87109375 -1019.12717173852 
102759 95555 -1052.69733184084 
105263.4296875 98278.30078125 -1018.34292458159 
105292.390625 98352.4609375 -1019.57707072398 
48050 166642 -1100.11257991316 
110759 40080 -1165.76989208484 
104507.529296875 99885.48828125 -1013.03286030668 
104565.029296875 99928.671875 -1012.67725142299 
104624 99978 -1011.30280853739 
104688.119140625 100017.4296875 -1011.68718351592 
48053 166717 -1102.15733430903 
111945 54835 -1130.48222176467 
102778 77396 -1081.17283935994 
88102 191442 -1182.00170039604 
101064 102792 -994.062787800433 
106215.0390625 104816.349609375 -1013.11714487588 
106161.83984375 104779.23046875 -1012.63254368443 
106092.83984375 104734.349609375 -1013.05703935816 
106045.259765625 104700.4609375 -1012.50281043832 
101091.26953125 102699.5390625 -993.887152508796 
109504 102580 -1060.50276577355 
109551.0703125 102629.01953125 -1061.51712976952 
109591.830078125 102677.62109375 -1061.18264059363 
109656.41015625 102751.0703125 -1062.71725891164 
101109.310546875 102657.21875 -992.322991601452 
101194 98827 -1029.82727450241 
101259.640625 98853.30859375 -1028.96288970436 
101333 98883 -1029.77699750718 
101392 98901 -1028.93264391929 
101130 102574 -994.85720303427 
103747 106122 -981.452765731006 
103767 106061 -982.897173482402 
103773.75 105997.599609375 -980.77305147875 
103816.109375 105931 -983.937243312314 
107546 106836 -1038.89731831486 
107532.560546875 106753.849609375 -1038.43279245267 
107526.51953125 106683.3203125 -1041.41734775196 
107521.26953125 106632.26953125 -1038.12283216362 
96945 103169 -1037.63246826713 
97020 103197 -1036.53713813537 
97083 103217 -1034.60279264693 
97147 103233 -1035.09695751456 
99309 102204 -1016.87713709376 
99360 102237 -1017.84271519102 
99419 102278 -1017.2572915678 
99481 102324 -1015.49275006004 
99988 99687 -1025.02279382306 
100053 99714 -1025.64753179614 
100119 99740 -1026.11286083983 
100187 99768 -1027.07697661927 
102041 103778 -984.332721161808 
102009 103843 -985.167155513507 
101978 103908 -983.902698487859 
101913 104039 -984.587170849181 
103827 102397 -996.477139164257 
103889 102424 -996.342899150865 
103949.109375 102440.80078125 -998.487235347493 
104021 102477 -997.742580546291 
96697 206485 -1197.21124059918 
109597 105680 -1076.59307431769 
109536 105709 -1076.67731436729 
109465 105739 -1075.18284659616 
108611.369140625 104080.05078125 -1051.26728203354 
99094 100587 -1031.44721273894 
99118 100520 -1026.3726689027 
99144 100459 -1033.79711944939 
99172 100394 -1033.26303699852 
108535.119140625 104017.669921875 -1046.32274948725 
109046 107649 -1078.0727433476 
109089 107596 -1082.03734785658 
109131 107541 -1085.48279041301 
108493.94921875 103957.009765625 -1045.64723226294 
111133 104551 -1110.65737804735 
111161 104469 -1108.07289980702 
111182 104411 -1108.36710930033 
108444 103904 -1044.76247599306 
106014 61104 -1094.25272881579 
100817.529296875 101224.2109375 -1009.07279497632 
80989 170111 -1109.75729448112 
100876 101243 -1007.78712225032 
111210 96657 -1065.96108200061 
100933 101265 -1006.01256639988 
100998 101296 -1006.95741146048 
103625 45203 -1084.87713770411 
122068 226091 -1179.78282335235 
102967.98046875 100390.98828125 -1005.95261848274 
102967 100460 -1005.29715144487 
102966.669921875 100529.109375 -1006.18299426147 
102964 100606 -1005.86704622172 
102964.349609375 100671.94921875 -1003.37279522521 
114278.1484375 112037.060546875 -1185.69723200944 
112147 61620 -1117.87082000688 
115976 205230 -1201.90278325588 
105303.849609375 103080.609375 -998.862559494093 
101991 125166 -1077.84746058318 
105276.94921875 103130.46875 -1000.91708437529 
105229.939453125 103183.71875 -999.563074697421 
105170.759765625 103224.16015625 -998.667154824245 
108836 129779 -1115.17298768566 
109053 69997 -1042.97755313266 
104338.30078125 108062.7890625 -990.947196547409 
104342.73046875 107973.76953125 -991.033013448549 
104337.419921875 107925.869140625 -992.537105827253 
104330.119140625 107834.640625 -992.962827985785 
100995 62041 -1109.00869617419 
101132 105229 -979.252638742017 
101187 105280 -979.097215805637 
101227 105320 -977.442680819695 
101277.689453125 105360.16015625 -977.187108963435 
112844 97675 -1081.05277864119 
112064 96097 -1070.65735711679 
102905 82850 -1102.07255216224 
99369 103948 -994.887137943532 
99410 103978 -994.512747669779 
99463 104015 -998.007462191715 
99521 104054 -997.152680733457 
99579.30078125 104094.66015625 -995.317112986502 
107976 79397 -1034.49779952057 
105632.259765625 107161.220703125 -1006.26290406083 
105580.05078125 107125.41015625 -1003.82730157351 
105505.759765625 107103.560546875 -1001.84293237812 
105437.609375 107091.1796875 -1002.17747332721 
89258 112484 -1186.50748825672 
100164 110835 -970.822570369422 
100174.16015625 110761.58984375 -972.597024171287 
114078 113895 -1170.86221518823 
96346 109955 -1011.12289595836 
96345 109888 -1008.77741390598 
96341 109813 -1005.49284665777 
96341 109743 -1009.097164362 
100145 110905 -970.917175320332 
99694 106566 -963.962642358075 
99766 106602 -965.237021831648 
99816 106629 -962.372857584247 
99887 106667 -963.627118682413 
100134 110974 -969.132790367127 
107915 109088 -1059.79735523752 
107872 109143 -1057.30262394081 
107832 109199 -1053.63732012272 
107788 109256 -1053.82275704348 
107742 109317 -1056.66702881808 
100120 111040 -970.007180716189 
101073 109489 -966.262527353886 
101133 109465 -967.261550035507 
101204 109439 -967.697072410983 
101273 109407 -966.062771275046 
100105 111109 -968.662260108031 
106066 112138 -1033.38262572405 
106004 112138 -1034.43707687737 
105927 112142 -1034.70277224129 
105857 112139 -1034.01736210399 
104735 110159 -1001.49704851066 
104706 110220 -1001.94274756746 
104677 110298 -1001.87698648891 
104650 110368 -998.922761720664 
102546 107342 -976.172471008454 
102502 107393 -977.657291899108 
102449 107447 -977.257992422369 
99458 108166 -970.897077680581 
99409 108208 -970.09300694503 
99358 108253 -971.397621722468 
99307 108301 -971.152875967765 
99253 108347 -967.042382517252 
97534 108305 -990.447062605759 
97499 108376 -988.612900604947 
97473 108432 -990.937395636003 
97434 108500 -992.832938851552 
98787 105131 -989.22737591562 
98823 105193 -988.982753206653 
98859 105260 -989.877516619364 
98894 105322 -983.152827959148 
105161 97440 -1025.17745661941 
95559 106727 -1029.40295955763 
95630 106771 -1030.67721566258 
97415 105736 -1000.51274604075 
97419 105806 -1000.4872410597 
97419 105876 -999.712667589782 
97422 105946 -999.307199911472 
95692 106804 -1027.47273293428 
95221 108079 -1035.2828970137 
95282 108115 -1035.23714888524 
95348 108157 -1030.15260723845 
95402 108190 -1029.9573115668 
95752 106839 -1027.38714227051 
106305 110712 -1036.49297265276 
106241 110753 -1038.3572400966 
106177 110789 -1037.16281534551 
95797 106871 -1026.94245293635 
105660 108970 -1018.47739052728 
105723 109000 -1018.52273940207 
105787 109030 -1019.70730522565 
105851 109068 -1018.66263665951 
100763 116437 -1000.52725684775 
100705 116402 -997.82962738349 
100744 115275 -986.142832831828 
99602 114373 -985.08733920384 
99601 114303 -984.402966446726 
101704 114435 -989.62290046518 
101704 114367 -988.937237989743 
100743 113186 -968.842881446468 
99883 112159 -968.032857707742 
99949 112154 -971.147170513451 
101574 112244 -974.692870016218 
101501 112261 -976.677175540286 
103728 111906 -989.142793725089 
103725 111834 -991.097441239437 
103040.25 111263.259765625 -982.947221841516 
101943 111586 -983.307258294709 
100099 111377 -967.297332911752 
99309 110170 -968.762980659974 
99259 110206 -971.766984617734 
99202 110247 -968.90283034981 
101110 120492 -1030.87278508634 
98271 106974 -983.767318889385 
102416 110128 -981.370239830942 
103289 110238 -976.047224674102 
104123 110557 -995.387227734946 
104147 110491 -995.132662391022 
105684 110134 -1023.20264506224 
102975 109151 -968.897324849218 
98240 107040 -981.082714828687 
102921 109204 -968.527244809861 
100900 109843 -976.827233130692 
96925 108396 -1002.59740362112 
96895 108460 -1002.90757740058 
99426 107714 -970.712510911997 
98208 107105 -980.94272440608 
99390 107774 -973.377403928015 
99354 107834 -971.022617570358 
100553 108053 -963.987204227328 
100607 108007 -962.032852385935 
101966 108142 -966.24259648914 
101917.009765625 108180.310546875 -967.007360777955 
101876 108242 -963.262865670044 
103717 108073 -983.792821454326 
98178 107170 -982.617441124322 
100249 106958 -972.907839644835 
100287 106901 -973.427095929081 
101083 106117 -974.187069798037 
103743 106752 -983.437129251866 
103745 106881 -982.182718733068 
102555 104802 -981.018070112964 
103431 104189 -992.327232579591 
100703 115219 -987.407079509003 
100699 113132 -974.547103053679 
102976 111202 -979.162740316918 
101942 111660 -979.692793425041 
100083 111521 -976.207207157333 
103291 110309 -976.782777556182 
100711 110445 -976.257339541756 
100739 110381 -975.042789806296 
100217 107628 -964.602882446452 
100828 109852 -981.107214768133 
102012 108089 -967.307386524613 
100986 107438 -960.877290181262 
102538 106141 -981.612673892045 
102489 106191 -981.357065257838 
100928 107479 -958.71272870882 
100870 107522 -961.537157533967 
103358 104191 -988.542652495667 
100816 107570 -959.602777320855 
100752 107611 -960.977364100979 
96244 108526 -1011.67294181808 
96308 108558 -1012.75757726895 
96372 108590 -1008.80266813223 
105761 110042 -1027.18721710738 
105829 110043 -1027.01259216743 
105906 110041 -1028.42735698644 
105973 110038 -1030.542782801 
108334 110100 -1078.43723268288 
108309 110069 -1074.56284600778 
100322 116958 -998.382798371355 
100303 116921 -998.637322505433 
100268 116850 -997.042820986572 
98862 121169 -1037.71281360723 
98858 121129 -1037.6671486314 
94528 108677 -1052.55048610197 
94551 108654 -1052.75274010682 
94585 108631 -1053.23707604495 
102869 109782 -969.997309825063 
102820 109738 -970.232670595053 
102769 109693 -972.607077170554 
102718 109648 -968.442798411722 
82934 172664 -1104.78294358399 
98600 109199 -979.992646064466 
98546 109243 -980.507227987109 
98496 109285 -979.352595364741 
98431 109336 -981.207127174406 
102351 133630 -1113.56759379973 
103797 112201 -993.362499312981 
103714 112202 -992.487485678334 
103631 112205 -991.452695178342 
103566 112203 -991.527195555566 
100675 136373 -1130.2474984016 
96520 111610 -994.667433822897 
96583 111586 -993.310924091128 
96660 111556 -993.182975839306 
96715 111535 -994.157006482203 
111080 138644 -1153.76711969301 
94792 109703 -1043.59727590802 
100681 110509 -976.092568678592 
94823 109989 -1043.7573008132 
94810 109915 -1044.94290159267 
100114 111228 -966.652882825418 
94811 109854 -1045.83729479817 
94807 109779 -1045.60267943768 
108385 89421 -1032.6029614568 
99435 142839 -1139.84275562671 
93171 150437 -1172.16753211254 
97390 115882 -1000.46752345633 
97450 115867 -997.202884690627 
97527 115846 -997.977148877284 
97594 115835 -999.322803784296 
94491 113689 -1044.40750694535 
104475 114119 -1026.29734953637 
104187 114132 -1020.62724755817 
104258 114128 -1020.53274616843 
104328 114125 -1021.35707997409 
104398 114124 -1021.95293049591 
94526 113631 -1044.19288754952 
102439 113770 -989.397068588261 
102463 113842 -988.9229708956 
102487 113911 -991.297106056099 
102509 113978 -990.052940825245 
94571 113570 -1044.95738169735 
98368 113075 -975.007235747633 
98374 113146 -976.832738286687 
98378 113221 -976.117317633874 
98381 113288 -974.942916603928 
94613 113527 -1043.9086377731 
105449 116253 -1044.21273301432 
105377 116256 -1043.86701825899 
105301 116257 -1043.04262172272 
105224 116255 -1044.39709298241 
102290 119278 -1025.08261599459 
102327 119546 -1028.1429941725 
102317 119468 -1028.48747724989 
102309 119402 -1026.77283039544 
102297 119334 -1026.64729191673 
103692 118506 -1034.26260628003 
103618 118555 -1034.22710990049 
103537 118600 -1033.06251390229 
103479 118641 -1033.28718322525 
100073 119163 -1017.62288403672 
100008 119123 -1018.21717881996 
99955 119087 -1017.76266852476 
99896 119047 -1019.9370510068 
98701 119880 -1024.47727518879 
98654 119827 -1023.29292022427 
98614 119776 -1025.07741423746 
96764 118022 -1025.25281299218 
96807 118083 -1025.16733062576 
96848 118136 -1024.87299299286 
105193 159007 -1197.34943519765 
98234 114944 -997.857450621203 
98240 115016 -997.26285432813 
98249 115076 -998.677481408499 
98255 115146 -999.652710841472 
96095 114370 -1007.53275956008 
100949 114202 -971.97277800963 
100906 114255 -972.897027808004 
100861 114308 -970.212913914541 
100818 114361 -970.017243806261 
96149 114415 -1007.30737946509 
103425 116454 -1019.41273800831 
103360 116458 -1019.71714174876 
103286 116463 -1018.80265972895 
103215 116465 -1019.13723789756 
96202 114460 -1004.90293735895 
106075 113770 -1047.3325449163 
106001 113774 -1047.70704684389 
105931 113788 -1044.92292911655 
105856 113796 -1045.09691810162 
96258 114503 -1005.37740168647 
94702 117735 -1066.17297588995 
94769 117701 -1068.16715353491 
94833 117671 -1065.84296652197 
79883 152219 -1191.20706623429 
99911 112913 -974.287106566332 
99904 112978 -974.022961032252 
99902 113051 -975.207240795247 
99901 113126 -974.042695847241 
77089 162901 -1136.24728953765 
101408 112874 -977.897541298486 
101409 112940 -977.772947232301 
101410 113003 -978.497428552713 
101415 113078 -981.082845421754 
99624 115375 -985.382821872724 
99753 115370 -985.532878256667 
112348.1484375 51550.2890625 -1130.35746128211 
99688 115370 -985.987426203114 
110610.830078125 55485.75 -1107.53279123904 
99550 115379 -985.427136604803 
74777 191324 -1206.97731747195 
102570 115833 -1004.3771223912 
102568 115754 -1006.17277990713 
102562 115682 -1004.95731040404 
102563 115617 -1002.85264573163 
102400 117625 -1014.38283513317 
102332 117637 -1014.2869920187 
102273 117643 -1013.07291075802 
98487 117662 -996.042807916612 
98483 117588 -997.757357743803 
98484 117523 -998.142938133169 
98481 117454 -998.787475319068 
90820 183174 -1173.68301839214 
95542 116564 -1036.16280796697 
95603 116536 -1035.44745256161 
95668 116508 -1034.40286731823 
95730 116481 -1033.85729348642 
104863.109375 105250.609375 -992.527090644352 
116252.78125 96209.69921875 -1134.42752667375 
110260.400390625 91282.8203125 -1045.48727603588 
113339.4609375 105481.529296875 -1158.43283140692 
112181.5703125 90885.91015625 -1053.91716263766 
111641.16015625 88564.87109375 -1041.43723625028 
115361.05859375 105093.369140625 -1176.63712384896 
110928.33984375 102724.921875 -1098.59238772498 
114003.53125 102296.8203125 -1159.17732337589 
